83.0 84.0 65.0 81.0
67.0 70.0 57.0 64.0
68.0 72.0 58.0 66.0
91.0 88.0 75.0 86.0
88.0 89.0 73.0 84.0
71.0 71.0 59.0 66.0
70.0 73.0 58.0 69.0
92.0 91.0 74.0 85.0
84.0 87.0 74.0 80.0
71.0 73.0 61.0 66.0
69.0 72.0 58.0 66.0
95.0 94.0 79.0 89.0
91.0 90.0 74.0 85.0
73.0 74.0 60.0 68.0
75.0 74.0 63.0 71.0
91.0 92.0 76.0 84.0
91.0 89.0 61.0 87.0
71.0 73.0 59.0 66.0
70.0 73.0 60.0 67.0
95.0 91.0 75.0 83.0
86.0 86.0 72.0 83.0
71.0 73.0 60.0 67.0
74.0 74.0 62.0 70.0
96.0 93.0 78.0 88.0
92.0 90.0 77.0 87.0
71.0 71.0 58.0 65.0
73.0 74.0 62.0 71.0
87.0 89.0 79.0 86.0
89.0 89.0 76.0 83.0
71.0 73.0 58.0 68.0